시간대구분 고유값: [11350619 11680750 11680740 11680655 11650620 11680565 11680590 11410700
 11740590 11500540 11650570 11650580 11110600 11680656 11440585 11650652
 11380530 11290660 11290630 11650540 11500640 11440600 11140635 11200660
 11620575 11710600 11620735 11620695 11710510 11710520 11170660 11290640
 11740540 11170700 11590670 11470630 11410585 11230740 11680720 11500560
 11290780 11290610 11260610 11230720 11320511 11620585 11230600 11215870
 11200590 11140570 11650621 11230560 11470520 11560540 11350665 11590560
 11140680 11470610 11140605 11650550 11110630 11740600 11680730 11590530
 11740685 11230730 11260520 11560585 11440710 11170625 11410720 11740550
 11320680 11740640 11215840 11380570 11440700 11410710 11440730 11320681
 11350570 11530730 11500591 11470580 11110680 11740580 11440660 11500605
 11560630 11290580 11410690 11545640 11170570 11530780 11110700 11590540
 11170590 11305610 11440610 11305630 11350621 11305555 11260590 11140540
 11200690 11590550 11560550 11350710 11290575 11590651 11680510 11260540
 11545710 11380551 11230545 11650520 11710590 11710610 11230610 11530520
 11110515 11215847 11320522 11170510 11545700 11215830 11200720 11620685
 11305575 11470611 11110580 11350611 11215820 11560670 11545630 11290620
 11470650 11560605 11110670 11545510 11560710 11215760 11500530 11500520
 11470670 11500630 11260575 11380690 11215740 11215810 11500615 11530770
 11470680 11590660 11350600 11590510 11215850 11320514 11200580 11680580
 11740620 11710566 11170650 11320512 11140580 11620565 11350700 11380650
 11470590 11560680 11305535 11350640 11710670 11560620 11740660 11650660
 11680610 11170685 11590650 11680670 11650651 11590620 11620655 11710532
 11200570 11650600 11500590 11650581 11650560 11680700 11710650 11470640
 11410555 11110560 11140670 11260550 11620665 11710647 11290555 11680690
 11710631 11740560 11320515 11710632 11710641 11545670 11740515 11545620
 11470550 11410620 11470540 11500570 11260620 11290760 11740610 11110530
 11305534 11620775 11305600 11305620 11110540 11200650 11380580 11320670
 11350720 11200620 11200615 11350630 11410615 11200645 11230705 11380625
 11350670 11380520 11470570 11200670 11320660 11410660 11230750 11410685
 11170530 11620645 11140625 11110550 11560560 11140615 11170555 11470620
 11560690 11680660 11305645 11500510 11170690 11380510 11110615 11560515
 11260580 11560610 11545610 11530760 11500550 11500593 11110570 11380560
 11200540 11110690 11710531 11140645 11200520 11140550 11410520 11200535
 11530595 11710620 11530540 11560650 11710550 11380552 11650530 11110650
 11500641 11290525 11710710 11680545 11710570 11260570 11440690 11530550
 11650610 11500603 11650531 11620630 11140650 11440740 11290705 11260660
 11680600 11620605 11530510 11740520 11380632 11410655 11380590 11620595
 11260600 11290715 11320710 11740570 11320513 11110640 11305660 11290600
 11260680 11170560 11140590 11260565 11170520 11170630 11170580 11200560
 11440590 11200790 11215860 11740530 11320690 11440565 11440720 11470560
 11500535 11470600 11260655 11680531 11500604 11530750 11200550 11530740
 11620765 11740690 11530720 11545680 11710642 11740700 11545690 11590605
 11440655 11380640 11215780 11740650 11230710 11620725 11680630 11710540
 11140520 11140665 11590640 11230660 11305590 11620745 11290810 11710720
 11710646 11230536 11590630 11560700 11500620 11350625 11410565 11710680
 11350624 11680521 11620525 11260690 11440630 11260630 11530790 11440680
 11560535 11110710 11590680 11380600 11680640 11710561 11530560 11650510
 11350580 11650590 11710690 11710580 11320521 11290650 11680650 11350612
 11350560 11380631 11230570 11305606 11215710 11230650 11470530 11290590
 11590520 11215730 11290725 11560720 11350695 11170640 11215770 11305545
 11410640 11350595 11620625 11440555 11290685 11560660 11215750 11290770
 11620615 11530530 11620715 11620545 11470510 11500611 11320700 11710562]
시간대구분 값 분포:
시간대구분
11110515    720
11110530    720
11110540    720
11110550    720
11110560    720
           ... 
11740650    720
11740660    720
11740685    720
11740690    720
11740700    720
Name: count, Length: 424, dtype: int64
